65536

5 6 4

57360 8778 23563 57341 39556 51838 
2036 25290 61614 43248 45814 44305 
56064 48067 28827 18536 28086 23279 
36913 24892 8837 280 152 62708 
11236 50953 3791 31075 62553 16688 
56186 9631 4187 2435 5828 3368 

59727 45645 48432 27102 5606 19384 
30359 7044 3626 1124 38382 25492 
63666 39156 17019 56510 7550 28770 
61372 30091 40005 26124 53853 3828 
47666 24730 59285 25496 61489 20761 

63020 26331 49595 50177 
36132 26376 17802 31295 
62057 23152 43912 48094 
50912 35372 62948 45996 
13044 45315 52991 14114 
54140 64586 38563 2461 

9337 49456 11264 2134 
56165 29894 15704 48967 
53997 2071 10405 40020 
32720 14938 8641 27362 
30055 49457 55314 65403 
